image: basement_map.png
resolution: 0.01
origin: [-0.100000, -0.100000, 0.000000] #Origin must be [0, 0, 0.000000] for web app, Ari!
negate: 0
occupied_thresh: 0.65
free_thresh: 0.196
